1532
3590
4888
2784
1545
102
3258
4342
1061
870
2943
771
38
1295
3168
4501
307
4020
1516
2487
2169
355
892
525
812
1213
2837
72
4716
1549
167
406
2662
1284
3721
415
3914
4364
118
3328
1545
1342
765
3389
4508
2201
2280
861
4115
465
4584
230
4296
54
373
3868
2742
4688
2134
4779
4370
4421
3068
1200
1815
4196
2169
2594
559
746
542
457
269
1662
102
2142
2405
801
4819
2063
180
4488
1488
4559
3836
155
3909
1294
1780
4191
3151
4789
4747
1217
3142
448
2669
289
322
4679
1682
1405
2771
1172
3843
4692
3499
2763
4010
4567
1870
1857
1312
4477
1392
392
2499
4916
3832
4839
576
3522
3352
1441
2978
2504
701
3674
2146
91
993
2591
4474
3716
4137
373
4292
2286
604
790
3267
707
4050
884
2688
3852
2371
213
1844
1875
5000
4586
162
4336
1637
3234
2793
2676
3278
4735
4987
2202
2316
472
3000
4838
2481
568
3161
4912
34
871
2027
620
2758
657
2237
3002
155
833
1187
4905
4589
603
2004
2272
2306
3872
4321
178
1988
2844
3119
1770
4165
1701
3180
4986
3977
263
4759
3027
1165
4254
3527
94
4747
4511
4358
1270
3548
2026
3493
857
2192
1610
1117
2747
1344
2045
2119
4783
2520
2506
4301
2992
1462
2062
2052
3362
1393
1413
3128
462
4220
622
1849
1083
494
1356
4659
1022
3546
4982
2330
514
712
2883
2756
1116
4209
4498
1832
3085
1582
3575
3331
3807
845
474
4992
616
2553
3234
3415
3786
4532
3148
1540
937
994
671
1126
2791
582
2938
4090
2697
3945
3119
1783
3154
2532
2727
3325
4263
2062
4810
1237
1915
4221
3594
325
3637
2555
2942
778
3462
1611
1260
4714
3402
3245
4847
4656
1645
3513
3992
3365
2500
678
1030
2478
4460
2837
2391
2425
4695
1144
2933
4150
2756
606
4928
3103
4261
2021
1401
3396
4865
4753
1729
2159
3940
1913
675
4737
1244
1941
1901
4011
1219
3871
4623
3377
3147
4556
2578
1675
4057
3574
3525
1962
712
540
1704
4034
4673
2608
4051
868
1471
644
4735
4958
1437
1276
3301
2856
2301
2736
2034
3282
4554
2923
1018
333
4028
3881
4950
139
4656
2296
2428
3869
562
2147
4799
3097
836
2502
2561
3648
2750
3483
3451
3467
1945
2079
928
3924
1147
3619
1022
750
4305
1574
11
2957
2830
2344
4781
2758
2250
1276
4766
2851
2461
2005
3525
1431
2489
3257
1752
3626
12
4868
1255
4103
2045
2530
1331
2948
4120
933
3495
2158
881
419
3891
3897
367
4646
1035
537
2954
646
4752
1718
4341
3509
3496
1802
4676
3309
1536
535
1849
861
1987
1523
4826
2196
3229
255
631
2350
4182
2683
4145
3522
4098
4967
2446
1600
2734
1025
2735
3573
4088
2022
207
2043
4613
2626
2794
4968
3150
2224
4674
78
3886
2330
4660
778
4077
3978
769
489
2742
2061
2913
2708
679
3926
2443
4141
901
4303
4406
1163
4959
105
1615
999
1777
2805
4511
3609
3495
520
401
1178
4948
164
3767
504
3662
2561
1919
661
3001
4206
4365
379
4547
1570
2844
4019
3649
1301
1219
1337
895
2692
4148
4319
1606
2216
2806
2061
189
2989
490
3126
2565
2743
2102
4587
2287
3174
1854
1239
4745
2320
3262
1030
3173
4594
4978
3370
1413
2218
4358
2302
4244
1594
1684
251
4875
669
213
456
3778
4545
807
2802
4594
4284
3624
359
2371
4959
2396
1018
4995
3881
1172
1695
1610
548
4741
2955
942
938
3143
622
4830
392
2926
3017
1271
3792
4878
2279
1880
4470
1526
555
3439
4074
827
3980
3700
3630
2731
3239
3040
4818
4147
2333
1959
2387
928
1110
1395
3945
1949
1064
2800
2127
4204
2123
1402
2255
4755
114
2082
482
3864
1197
1247
3090
4893
1705
4295
3935
746
3165
182
4085
4853
4421
2938
2633
3948
1447
618
538
298
4596
1216
3567
2007
2116
789
1491
1201
3406
1775
1538
4405
1956
1610
204
250
2686
68
2415
4239
465
1113
706
3740
1654
3460
2061
692
4950
1348
1915
4521
2156
1090
4715
564
508
1711
3272
904
4927
2546
651
4857
2478
863
2828
611
4152
49
4248
4989
2332
36
4343
4504
2923
1073
3426
2147
3994
3865
4279
329
956
601
1738
4894
4332
2612
281
4536
4669
4635
685
2249
2022
1839
4391
616
2015
3174
4123
2592
1949
7
2021
3532
2319
3288
1573
852
2242
2241
2643
2633
3326
927
395
1494
1990
3476
4134
550
1284
985
4433
1015
2128
3321
4956
2176
1084
1261
1200
591
348
594
2658
4999
4880
2279
2375
1678
2092
2522
2351
1687
1964
3626
522
392
967
1285
3086
1277
3582
1367
4596
172
3893
727
3863
969
62
2698
1788
1460
598
4757
3123
669
216
967
379
4650
3036
2902
1354
1245
1040
4212
395
2413
1586
2909
1504
961
695
1660
3593
39
1391
1476
2847
311
3368
203
325
2546
839
2965
2942
2866
301
4391
1606
4647
4960
1595
376
84
2089
3132
3879
2317
3719
1823
4293
2999
2748
3043
3761
1273
859
605
1427
943
70
855
3052
2643
259
4778
4829
4268
316
3390
4753
230
1339
2536
1756
4576
3007
3017
2799
4717
2329
1985
3826
3713
4058
2930
2457
2603
2495
2958
1946
3227
32
2817
2600
1217
4857
4965
1587
4845
893
2049
4641
2085
667
3184
2828
1023
2226
3327
3353
2468
4862
2791
2575
2946
2013
153
1329
2479
4617
3280
3800
2432
4989
1395
4230
2066
4857
703
3220
3508
4690
3390
3396
4635
4666
4147
100
2209
4210
1369
1273
2783
3718
1465
978
1093
3142
3453
796
3208
3776
2023
888
3627
4080
3212
1781
1898
3633
316
4787
2589
2155
558
4729
1859
2156
4691
1764
4965
4038
88
872
4289
4595
2235
1199
2155
3037
2163
1581
1508
112
1094
349
222
2595
3485
1863
575
3890
4410
697
3716
1586
3663
438
3948
4164
4967
4667
864
3061
2045
1042
3217
2380
4067
540
3226
4658
2792
1108
2769
2823
2297
2982
4148
166
2480
2773
3569
3316
1372
4716
4983
4518
1238
299
4794
3438
1458
1535
1559
1882
3554
3716
500
2771
4310
3858
3968
3298
695
4022
4804
859
2921
1513
4292
4534
150
4888
3219
960
1878
2128
4583
385
3413
544
1752
4596
952
199
31
126
1983
207
2420
4211
1279
4174
2860
2637
1157
4263
4767
532
4056
2740
337
4574
1106
2810
2402
3049
1937
2607
1832
323
4090
3416
3279
3565
3349
1357
3841
1965
4825
4028
2520
3759
1791
1357
3697
3265
4912
1551
4896
3306
266
4492
4005
1285
4373
193
973
3188
1451
4490
1530
3832
1880
2599
930
2288
3213
1191
1726
3094
4989
25
2264
2513
4324
2148
3857
3117
2974
3218
4157
2045
1944
3615
1511
4416
662
204
4714
2422
3581
4848
3753
2879
4657
2832
4105
4382
1628
3855
2702
3506
477
1357
1475
4210
1088
2895
1351
2765
624
4075
1662
204
1395
800
1432
34
2751
2478
1690
3301
2168
4117
1069
1739
2691
4783
1976
1836
1096
4314
2555
4755
2942
2002
4943
3003
331
1263
3464
2559
2917
3545
2751
4776
1399
557
4863
2116
482
2711
753
821
1766
3005
1863
4150
1246
2617
4250
1806
3963
4221
2121
4338
2918
4151
328
4243
1485
593
4131
2744
1156
993
2706
617
1224
1727
3884
1553
4784
1129
1200
989
1671
4687
2983
4997
4527
4488
2336
4454
3608
2794
2276
2052
3153
1977
967
4041
4366
1637
2038
3043
1932
2814
1801
1761
1003
3573
2271
2483
4482
1030
4706
3776
2407
313
155
3108
2130
4993
686
1287
1462
327
767
4693
3108
4057
2514
4817
1291
4176
2585
4258
3041
2183
3610
2577
3816
4241
4944
127
2266
2191
2173
821
4886
3758
151
1355
2825
3610
3727
1891
4655
4923
4445
1689
517
1034
3356
438
4541
16
1816
4012
2024
4284
4018
2013
87
2235
3461
2841
3392
982
27
4437
4824
2855
3122
2242
2709
2319
1654
1680
2928
1436
3796
2274
1017
162
4767
4615
1717
3087
1667
2030
2826
405
1736
115
3337
3786
651
927
3908
340
1733
2772
560
926
315
3538
2899
1347
2920
1653
3102
2696
46
3039
944
1016
213
2279
1594
1144
1238
827
4048
615
138
3246
4622
217
1865
2262
4629
2545
945
2015
4057
2673
2757
526
1421
1740
2449
4205
765
2371
3168
4344
391
283
4337
1156
4616
2397
4809
2380
280
3921
1033
4518
865
1344
4093
364
1686
631
2748
4663
271
2924
842
4064
4377
3004
3569
427
1512
3270
1143
1403
3293
208
184
3204
518
4667
3460
4210
1645
1690
1541
4430
4286
692
2340
4256
3780
4588
3570
4550
3721
2382
4438
1994
2687
1105
3348
4674
3780
3625
47
3294
1639
4250
968
1075
4386
1333
3917
1854
4153
3529
523
4720
1586
780
2875
4089
4917
3249
3418
1232
2231
3857
3297
250
2715
505
3774
1727
2681
4451
3897
987
1535
2344
1485
713
3317
2845
4257
2334
1749
1528
1004
2737
4052
4885
1497
140
2046
1359
4460
4499
78
4018
4350
2011
3631
1715
3769
3571
2636
879
351
1005
4848
4501
1586
1195
497
3523
2887
1204
1700
2738
3187
1648
2780
3050
934
3932
653
932
2466
2078
3252
55
2504
1316
3171
2585
2520
4938
3148
2729
4961
3710
1227
3776
2334
776
4225
1779
327
4944
4292
2476
1308
702
2892
2787
3800
200
3143
3351
1755
729
4908
3307
4773
496
842
2405
2200
4074
629
996
3511
1395
2531
4083
3470
999
1842
2128
2767
1472
2197
2344
848
2061
1716
2394
3022
4063
1982
3458
3822
3199
2195
4308
4601
3995
1415
3920
2047
3216
4983
1790
432
654
3111
661
2074
1284
280
4563
3447
662
3182
3856
3512
1684
1208
4164
782
3455
4324
2038
952
285
2356
3718
4773
1628
1819
2312
3625
2593
2176
4633
175
4529
2102
1580
4483
2012
3254
1634
4501
4740
717
4629
3324
3049
2581
2629
4287
2407
4627
478
3511
2722
3102
1887
3371
4684
1754
705
4397
1131
1714
1327
265
3336
2065
1134
2034
4881
962
2028
2927
230
3069
4113
3279
1785
4725
2440
913
696
4142
4179
3399
2094
1877
2792
2425
4782
4756
1188
1128
3631
785
2887
1122
159
207
1252
3991
2237
895
135
2084
3399
4620
3687
1525
324
677
4288
4015
4806
4549
1193
3782
4649
1496
2759
1562
1937
4630
4663
706
449
412
3513
345
4316
2694
4770
898
3514
3732
980
2824
2839
2071
134
3112
110
4162
1779
1330
4828
1656
4289
1310
3587
63
4522
3661
573
604
3237
2097
2733
2690
4818
1529
376
4850
3063
2003
1690
1110
3641
1334
2270
2827
2728
4496
717
4988
1868
4181
3575
3639
3001
1788
4530
4882
3452
4843
3504
4294
3937
555
3781
245
4296
102
1022
3981
451
4643
271
4090
4602
1505
3388
2680
2079
3262
4953
3274
891
2541
1420
2185
2540
2353
2091
4660
1757
3627
4533
162
450
4534
4336
621
2137
3044
3902
1147
3675
4749
1356
2686
2802
300
476
2602
973
2511
2127
936
924
2021
3634
1834
159
4953
3691
4868
4392
2394
2943
3949
4945
599
110
1461
2452
1314
3405
3014
2837
1536
2554
1958
4793
2822
597
1219
1985
4687
3973
1252
4688
1836
1590
1053
1461
3063
3249
2818
4315
560
4200
4628
4448
474
20
742
1831
2155
2656
3984
1104
1137
3845
4770
4706
1416
733
3657
2021
1361
4141
3954
3427
2260
1144
1860
1772
1528
1079
4189
1285
1727
2937
676
1314
1471
1203
3755
467
2137
4591
2879
1292
4779
2101
156
1311
2750
4521
107
71
201
2918
3174
2595
4082
1869
4121
86586
84413
89119
83228
83009
88343
84213
83588
88087
88280
85206
83672
85608
84967
84855
89454
87011
86330
86336
85062
85056
87585
86587
87282
88471
84740
85368
85100
86828
86533
85332
84157
84809
88341
88423
83351
86716
88309
83871
84147
88103
85059
84332
86216
83378
85235
83458
88010
83409
88138
86833
83747
84509
87660
88930
87800
89494
88443
83064
83710
85033
85918
88878
87598
87593
87822
88725
86337
87845
84813
83046
83085
89163
86568
88657
84622
87323
88493
89196
89064
83691
83590
89053
85361
89286
85870
88970
88052
87152
88392
87416
84458
88857
85047
83221
87588
89091
84865
85627
83111
85580
87558
88633
85235
83359
87494
86217
86084
86615
87023
88000
85777
85096
85617
84685
86410
83163
84873
87410
86805
86281
87902
87264
83041
88079
84542
84175
87062
85471
86426
86635
83395
87899
84663
85218
83674
87061
89521
86452
86196
86301
84567
88769
84586
87028
84498
83592
85871
85044
86336
87311
84991
83161
88687
86914
87868
88123
85819
83308
84280
83641
84793
85909
84358
83787
89252
83289
86203
84546
88874
83664
85322
89293
89180
88933
83114
87793
85981
89016
83813
85755
86947
83744
85213
84883
87534
85101
84379
83373
83316
88576
85058
85302
84174
83879
88686
86856
87433
87370
87732
89504
84853
84643
87945
85758
88404
85866
83468
83231
84233
85045
83783
89458
87438
89106
83315
83978
85571
88755
84830
84750
83827
83906
84500
87991
87057
86371
85409
84899
86367
85055
83458
89081
86204
88761
85132
87497
88299
89239
87599
86653
85676
84631
87067
89525
86601
87012
88461
84985
88267
87422
87602
87782
88006
84121
88316
88321
83025
84053
85942
85760
88230
86492
89454
85016
89286
85890
85970
89376
89183
87615
88925
83282
84972
83774
89474
89487
85815
85746
84126
87063
86640
88750
83808
86614
87279
88319
83523
84583
87841
83451
83252
85103
87484
88609
86377
87737
88577
87257
87666
85080
85695
86811
84842
89500
87976
87449
85108
83904
87085
86936
83919
86433
88459
86078
84091
87010
85807
84637
83233
86524
86610
87622
85250
87912
85842
86514
83305
85654
86947
83418
86837
87596
86994
84835
88177
87701
84751
87220
88027
89043
88919
83150
86393
86620
86652
87450
86673
89123
87476
88528
87297
89476
86885
84594
86105
88579
85882
89026
86019
84170
85591
85182
84136
86138
88577
85252
85838
87383
85385
83420
89457
85610
86893
89335
83129
84790
84153
84344
85275
83569
84120
83590
84203
89192
86599
83093
89074
89389
83583
83316
87609
87069
84377
88978
85805
84409
87137
83939
87342
87394
88472
89469
85911
86619
86683
89262
88748
83813
85206
85236
85431
85555
86716
88992
88210
84465
85776
87089
87047
85741
87666
84804
86549
83253
88176
86191
85410
83854
89195
88363
84310
86740
83130
86615
83278
85149
86712
83032
85403
84992
86632
86796
83032
84713
83686
88645
85010
86172
87400
84023
88112
88189
84705
84650
85811
88254
88330
88303
84295
86139
87495
87000
86581
83792
87561
87353
83607
86291
86570
86332
84871
84406
89518
84855
85046
88952
86348
85119
83270
84785
88920
88765
83270
88439
89480
84037
88267
84680
85661
89334
84312
87212
87083
83199
85726
86702
83914
89109
83407
85077
83146
86770
86742
89073
83035
84307
86476
86215
87186
86920
88238
88534
85414
88108
84763
85892
85583
86058
85922
83467
87805
87156
84566
86259
88606
87516
84874
88147
86536
89295
83161
84501
88105
89085
83995
89390
88053
87292
84752
87034
83460
84117
86723
84311
87009
83924
87375
84537
84346
83975
88461
85962
87991
85268
88804
87271
86008
85719
85737
86699
85022
88880
87944
84501
87981
88663
83347
86034
83832
86675
83171
85294
88518
85580
84260
86662
85556
83932
88335
89255
83144
86227
86319
88668
84568
87729
87573
88995
85659
87635
88913
87559
89428
85463
87144
85975
87585
85123
86739
85842
85792
83641
88841
88725
83606
85989
85077
86096
89321
88754
84355
85609
83862
84616
88810
86852
85694
88138
87763
86078
87321
87705
89478
85697
83525
87086
87333
84183
87680
87396
84663
86058
88310
84251
87982
88861
84730
86052
89461
85040
84379
84288
88727
84485
85926
88076
83474
86941
85316
83985
89480
86245
86990
86773
86135
86558
84271
87140
84520
86617
88557
86430
88236
88817
83910
85161
88639
87388
84452
87365
87212
88606
85157
86609
89501
88095
87836
88322
84705
86344
85134
84110
87252
88633
86525
87757
88704
85143
86492
87488
86402
87709
87652
86337
89246
87610
88458
86204
84344
83465
83912
83556
89183
84730
89053
86645
83625
88822
83303
84224
83013
88120
88944
83853
87009
88634
89089
87386
86051
84813
85248
89013
88631
84550
88045
88267
87132
83315
88346
84765
86983
83587
85100
83180
88423
84758
88494
89192
87170
86354
83426
83887
85767
88594
89197
87270
83232
84110
88833
84394
85799
86567
88727
84235
88989
89017
85499
87303
83771
84231
87749
87222
88227
88746
88424
88270
84211
85953
89273
88256
84989
84842
84514
83200
83537
85255
86616
89096
84730
88059
87305
86039
89331
87519
87198
84825
89049
86191
84574
86401
88785
83211
87592
87510
86643
84590
85442
86456
85430
83051
84456
85302
88620
86986
86094
87837
89274
83618
87140
88387
87915
85115
89450
88665
89393
83753
88179
84601
84107
89506
89479
83026
87688
85596
84686
87461
87832
88459
86461
84534
88061
84752
89217
83001
83641
83703
85311
88721
83594
85097
88636
88431
85018
87157
84510
83258
84955
88833
89261
84762
88771
86330
83305
87526
88168
88364
83887
86877
83390
86417
85496
86653
88884
87240
84579
88629
84656
86728
86027
83802
83366
88001
88441
87258
88521
86455
86422
86386
84392
87515
84261
88945
85805
87521
87445
87012
83361
87462
87344
88551
87352
86461
83005
85072
83893
89364
83868
88299
83166
84076
85876
85904
83233
85351
84379
86410
87644
85720
86859
84770
83243
89129
86376
85069
86695
89476
83065
89130
86894
84849
88433
87446
86823
87927
87090
83869
85673
83815
88181
88896
88932
88659
87071
88720
85500
84312
86620
85691
85742
89399
84311
88992
87955
87162
85621
87872
84991
89188
83149
89442
86164
84604
83463
83448
83786
86640
83454
88678
85314
87324
88260
84514
85203
88438
84213
84260
83754
87929
88025
88510
88096
88594
83844
83473
86220
85081
86691
88219
87852
89327
83838
85053
84716
84251
88676
84115
83113
84530
84976
84924
89495
88100
87722
86966
86809
85203
86869
87787
88129
88615
85513
87736
88617
83364
85854
86042
88817
87563
86431
84135
87082
87831
84784
84857
85962
84950
87253
88048
88763
85206
83695
84418
85891
85378
88566
84691
86047
86523
84070
86239
88836
89106
87381
88458
86334
83732
87578
88026
84406
84637
88625
87414
85957
86183
86986
86959
83447
89492
86029
86302
84001
87771
85436
84762
87350
84370
83187
84455
87050
85594
85744
83059
84950
85943
88422
88672
88184
88522
88750
87113
84626
85435
89189
89344
84243
89299
85135
87830
86844
87345
86442
86251
88679
87605
89023
89468
84291
85831
85087
86256
84340
88212
86981
84192
84901
86787
83931
84826
87329
85893
83617
84973
88741
84829
83434
87557
89049
86170
83124
85481
87367
85358
89020
85746
87371
84589
87609
85963
85315
86986
83252
89477
85454
86944
86331
83304
84726
85731
85283
83531
88195
84117
88763
88637
83437
87142
88854
84231
85336
87971
89178
83157
85201
86784
85464
86926
87654
87938
83099
85903
85990
86429
85489
88123
84776
88384
84588
85767
84270
84775
85273
88937
84410
88037
83690
88848
83034
88809
86834
86041
85625
87372
88989
87102
83067
83185
85629
88534
86463
87505
84686
87740
88497
87423
85539
86472
87832
87030
87842
87213
88153
89442
83013
85130
88919
84858
87230
89171
89098
87265
84359
88476
84978
88387
87591
87954
88934
84161
86301
85425
87227
83403
84375
83777
84105
87153
83701
84054
86211
84871
83243
86395
85042
89352
86974
84086
87174
86265
84872
86520
86600
86747
84384
88281
87319
83915
88006
87616
87077
88913
86427
86382
87753
87083
87792
88588
83143
86874
86429
84353
87997
83076
88972
89464
83229
84371
84833
86520
88656
88307
86553
83771
88826
85025
84983
87129
86697
88781
85627
87833
85194
85234
86918
83849
85806
84392
83074
84802
83335
89299
86134
85427
83105
87266
86465
86605
85816
85860
89036
87188
83137
87067
89345
87719
88845
86928
88693
88564
83717
88119
89526
88248
86563
85903
87025
87585
84253
83816
85228
85329
88340
87767
86975
83832
83411
87916
87850
89514
89144
84482
86552
87816
86772
86518
87615
84471
88364
87907
84961
83497
88186
88862
86620
87195
86873
86940
87143
87202
83402
86530
83262
85606
84817
86121
87669
86071
86522
88510
87169
84819
88851
84639
83176
84999
84094
87066
84504
84198
88212
89120
88085
83379
88338
84749
84972
85929
86024
84763
84157
83932
88301
85352
88016
87029
83619
87495
86400
89486
85067
86735
83810
88275
84447
89295
87943
83541
86354
85669
85940
84011
84595
86534
89082
86605
88609
87964
86280
87495
88146
86088
87392
88456
85023
88921
87508
83166
86465
86168
83739
85081
83789
89205
88471
83320
88345
83860
87892
85516
84776
88509
84490
86747
88542
85469
89172
88606
86735
87783
85529
87215
85640
86414
89034
87835
88069
83080
83170
88812
88492
89182
89280
85921
85387
85766
83937
86637
84847
85525
86102
84159
84515
83790
86098
87926
84462
86171
88139
84333
84768
84348
89132
88477
85437
83346
83307
83186
85282
83925
83956
87947
83477
86843
84690
87069
87478
88435
86343
84962
86238
84697
89012
84846
88964
89239
88491
87562
89027
87524
88821
89151
83456
88744
85724
83086
87688
85796
84706
88476
88264
86100
86544
83556
83617
84513
84782
86988
84359
85527
85032
85019
87989
88898
85827
89214
88949
87276
89241
85201
85431
88640
88448
83494
86685
88352
86454
86181
84344
83015
88415
83147
87781
84183
89121
85961
84215
89083
83107
83401
83990
86682
85655
89517
86972
87230
83510
86206
84389
85689
84223
84867
83994
86315
87041
87032
83468
83553
87926
89507
85833
83267
85556
86643
83058
86130
88554
85253
84717
87295
83709
86068
87367
84137
83647
84403
89295
86844
87410
84355
87614
88117
85799
84668
85414
84312
83659
85104
86338
84515
86255
85568
84111
87915
84933
89409
86486
87782
87651
85956
86126
84581
87521
85261
83511
89061
86859
88239
88077
89300
87953
88780
83377
84236
89027
83815
88427
85752
84434
87978
88311
88949
85287
87923
89488
85681
86099
84592
84676
89325
86431
87667
89338
83628
85286
87842
88948
87946
87111
89191
84375
85098
88631
86017
88833
87443
88827
84116
86768
87065
87266
86575
85413
87676
89427
87013
83878
84474
87427
85866
89155
88741
87711
87673
84946
89000
87169
84688
88980
84836
84163
85178
87145
84068
83281
88828
85520
86596
83279
83124
83633
89517
84936
83104
83552
85551
85796
89168
88685
87795
87502
85405
89174
84719
84926
87487
84774
88365
87949
83096
85826
86813
89252
84531
86214
84747
84286
83049
87078
89021
86844
83888
87207
84522
85626
83406
86175
85943
85874
89234
85624
88363
83026
83211
85783
83980
83343
88783
83648
83177
85000
87437
87358
88930
83221
85034
84607
87427
88866
85519
85503
87324
86281
87898
86159
87087
87239
87392
87522
84221
88880
83117
84451
87165
84948
83272
87847
88305
87194
86411
85677
83802
86608
88317
83394
84522
89339
86456
85753
87451
83842
88264
88270
85600
87323
86847
86797
84486
86298
87453
88181
86071
89205
85133
83981
83824
85384
83928
86366
84535
85319
86514
85203
85935
86931
89458
89492
85867
85034
88173
85190
88283
87751
84152
86497
83559
85713
83546
84379
87248
83695
88073
88748
88575
86250
85977
87582
88575
86284
83686
86944
86248
87494
85625
84456
84601
83663
83089
86946
86344
88266
87898
89466
89052
89460
88844
87743
83573
88934
87558
87103
84809
85886
85180
88188
88642
86837
85903
89429
84117
87125
88671
83335
85471
89089
87591
86353
88968
87863
87332
86645
84432
83054
85616
84101
85704
86001
86591
85083
85441
83370
88997
88362
85704
87473
83418
86138
88323
84401
88331
86471
84532
89002
83063
87349
84893
87580
86712
87420
85933
83605
89080
85479
84179
86787
88119
86241
88513
84876
83074
83061
88779
85160
86640
86269
88911
85736
83245
83494
83309
88796
87971
87444
87195
87899
86348
88864
83551
86354
83689
84622
83865
87548
89078
83057
87824
88763
85524
85345
89157
87450
87845
83189
88311
88729
87679
87096
85926
87159
88090
89069
85514
88478
88045
85838
84662
86699
88276
86517
83002
87173
86872
83376
83817
85157
86260
88718
88203
83867
87567
84282
84655
86815
85170
86281
84353
86094
83003
83168
85732
86361
83287
84452
84848
87698
86069
88726
84940
86168
88011
88414
87353
88563
85196
89200
87817
88549
86141
83608
85840
85613
86990
85682
88987
86867
86554
83356
86253
83868
87394
86507
